0 1 66
1 1 244
2 1 117
3 1 209
4 1 156
5 1 112
6 1 95
7 1 189
8 1 253
9 1 71
10 1 47
11 1 88
12 1 226
13 1 109
14 1 214
15 1 152
16 1 128
17 1 250
18 1 9
19 1 251
20 1 215
21 1 72
22 1 56
23 1 238
24 1 244
24 1 29
25 1 252
26 1 26
27 1 126
28 1 236
29 1 24
30 1 178
31 1 3
32 1 159
33 1 192
34 1 160
35 1 83
36 1 23
37 1 127
38 1 69
39 1 14
40 1 112
40 1 231
41 1 156
41 1 234
42 1 165
43 1 174
44 1 87
45 1 11
46 1 61
47 1 123
48 1 42
49 1 170
50 1 130
51 1 175
52 1 221
53 1 19
54 1 196
55 1 75
56 1 142
57 1 40
58 1 230
59 1 20
60 1 228
61 1 228
61 1 107
62 1 230
62 1 201
63 1 26
63 1 83
63 1 119
64 1 113
65 1 160
65 1 79
66 1 226
66 1 247
67 1 142
67 1 2
68 1 168
69 1 188
70 1 135
71 1 192
71 1 144
72 1 231
72 1 197
73 1 69
73 1 70
74 1 15
75 1 212
76 1 167
77 1 183
78 1 230
78 1 33
79 1 149
80 1 251
80 1 91
81 1 166
82 1 62
83 1 61
83 1 87
83 1 146
84 1 21
85 1 249
86 1 244
86 1 128
86 1 251
86 1 246
87 1 241
88 1 76
89 1 113
89 1 175
89 1 109
89 1 36
90 1 174
90 1 240
91 1 122
92 1 237
93 1 47
93 1 243
94 1 85
95 1 103
96 1 58
97 1 161
98 1 219
99 1 203
100 1 187
101 1 232
102 1 198
103 1 27
104 1 136
105 1 105
106 1 202
107 1 236
107 1 168
107 1 41
108 1 18
109 1 111
110 1 232
110 1 152
110 1 248
111 1 253
111 1 245
112 1 106
113 1 112
113 1 241
113 1 42
113 1 25
114 1 147
115 1 169
116 1 88
116 1 245
116 1 184
117 1 205
118 1 135
118 1 128
118 1 50
119 1 255
120 1 245
120 1 223
121 1 49
122 1 54
123 1 128
123 1 192
123 1 196
123 1 194
124 1 60
125 1 185
126 1 59
127 1 135
127 1 200
128 1 128
128 1 190
129 1 47
129 1 7
130 1 236
130 1 57
131 1 54
131 1 94
132 1 59
132 1 31
133 1 88
133 1 128
133 1 152
133 1 76
133 1 227
134 1 249
134 1 207
135 1 218
136 1 2
136 1 200
136 1 250
136 1 214
136 1 110
137 1 40
137 1 60
137 1 50
137 1 8
138 1 208
139 1 232
139 1 58
139 1 143
140 1 90
141 1 142
141 1 52
142 1 77
143 1 101
144 1 244
144 1 101
144 1 114
145 1 148
146 1 228
146 1 222
147 1 161
147 1 212
147 1 14
147 1 197
147 1 161
147 1 79
147 1 123
147 1 209
147 1 111
147 1 91
147 1 82
148 1 219
148 1 224
149 1 155
150 1 136
150 1 96
151 1 163
152 1 244
152 1 228
152 1 81
153 1 192
153 1 158
154 1 93
155 1 137
156 1 245
156 1 221
156 1 43
157 1 152
157 1 91
157 1 224
157 1 12
158 1 26
158 1 198
158 1 202
158 1 245
158 1 78
159 1 4
160 1 47
160 1 68
161 1 111
161 1 166
161 1 116
162 1 54
162 1 106
162 1 208
162 1 45
163 1 162
164 1 132
165 1 19
165 1 224
165 1 15
165 1 228
165 1 116
165 1 244
165 1 8
165 1 202
165 1 24
165 1 148
165 1 231
165 1 239
166 1 104
167 1 199
168 1 232
168 1 28
169 1 79
169 1 154
170 1 6
171 1 29
171 1 31
171 1 243
171 1 139
172 1 108
173 1 51
174 1 38
175 1 29
175 1 173
176 1 232
176 1 192
176 1 142
176 1 48
177 1 193
178 1 110
178 1 175
178 1 33
178 1 64
179 1 163
179 1 177
180 1 132
180 1 76
180 1 68
180 1 249
180 1 164
181 1 113
181 1 119
181 1 34
182 1 204
183 1 151
184 1 205
184 1 95
184 1 76
184 1 226
184 1 11
184 1 32
185 1 69
185 1 178
185 1 187
185 1 233
186 1 40
186 1 206
187 1 251
187 1 159
187 1 65
188 1 106
188 1 95
188 1 126
188 1 35
189 1 255
189 1 76
189 1 43
189 1 254
190 1 226
190 1 240
190 1 248
190 1 68
190 1 213
191 1 6
191 1 215
191 1 255
191 1 176
192 1 102
193 1 250
193 1 115
194 1 7
194 1 154
194 1 125
195 1 111
195 1 180
196 1 88
196 1 227
196 1 248
196 1 127
196 1 180
196 1 218
196 1 181
197 1 29
197 1 132
197 1 164
197 1 33
197 1 72
197 1 191
198 1 104
198 1 135
198 1 57
198 1 149
198 1 151
198 1 16
199 1 179
200 1 57
200 1 243
200 1 252
200 1 42
200 1 35
200 1 199
200 1 126
200 1 177
200 1 174
200 1 248
200 1 214
200 1 29
200 1 220
201 1 5
202 1 111
202 1 255
202 1 48
202 1 228
202 1 248
202 1 102
202 1 62
202 1 139
202 1 21
202 1 211
203 1 193
203 1 22
204 1 78
204 1 199
204 1 83
204 1 127
204 1 250
204 1 168
204 1 84
205 1 97
206 1 177
206 1 50
206 1 89
207 1 230
207 1 78
207 1 53
208 1 172
209 1 113
209 1 52
209 1 129
210 1 111
210 1 4
210 1 149
210 1 208
210 1 169
210 1 19
210 1 31
210 1 10
211 1 210
212 1 43
212 1 104
212 1 70
212 1 56
212 1 240
212 1 79
212 1 105
212 1 142
212 1 44
213 1 198
213 1 162
213 1 119
213 1 141
214 1 21
214 1 144
214 1 232
214 1 143
214 1 142
214 1 144
214 1 92
215 1 229
216 1 182
217 1 251
217 1 84
217 1 160
217 1 6
217 1 185
217 1 153
218 1 5
218 1 151
218 1 227
218 1 28
218 1 35
218 1 29
218 1 244
218 1 60
218 1 68
218 1 209
218 1 103
218 1 136
218 1 77
218 1 200
218 1 59
218 1 253
218 1 187
218 1 63
219 1 5
219 1 199
219 1 23
219 1 83
219 1 12
219 1 36
219 1 138
220 1 110
220 1 9
220 1 113
220 1 186
221 1 183
221 1 87
221 1 86
222 1 87
222 1 192
222 1 90
222 1 21
222 1 80
223 1 1
224 1 7
224 1 151
224 1 51
224 1 243
224 1 187
224 1 247
224 1 49
224 1 199
224 1 33
224 1 105
224 1 184
224 1 171
225 1 128
225 1 171
225 1 160
225 1 250
225 1 144
225 1 235
226 1 206
226 1 30
227 1 216
228 1 12
228 1 175
228 1 16
228 1 254
228 1 109
228 1 236
228 1 0
229 1 1
229 1 186
229 1 50
229 1 87
229 1 153
229 1 43
229 1 31
229 1 206
229 1 20
229 1 17
230 1 178
230 1 128
230 1 18
230 1 94
230 1 91
230 1 53
230 1 180
230 1 69
230 1 233
230 1 199
230 1 30
230 1 33
230 1 216
230 1 206
230 1 155
230 1 72
230 1 118
231 1 247
231 1 106
231 1 80
231 1 75
231 1 190
231 1 192
231 1 197
231 1 202
231 1 135
231 1 53
231 1 195
232 1 212
232 1 162
232 1 16
232 1 141
232 1 37
233 1 72
233 1 216
233 1 22
233 1 91
233 1 60
233 1 142
233 1 152
233 1 196
233 1 192
233 1 254
233 1 117
233 1 244
233 1 182
233 1 84
233 1 210
233 1 8
233 1 48
233 1 177
233 1 197
233 1 143
233 1 216
233 1 46
234 1 191
234 1 77
234 1 80
234 1 75
234 1 201
234 1 226
234 1 152
234 1 62
234 1 40
234 1 211
234 1 80
234 1 224
234 1 239
234 1 1
234 1 129
234 1 251
234 1 239
234 1 184
234 1 85
234 1 20
234 1 179
234 1 127
234 1 246
234 1 162
234 1 81
234 1 132
234 1 163
234 1 17
234 1 161
234 1 111
234 1 3
234 1 118
234 1 243
234 1 70
234 1 247
234 1 12
234 1 103
234 1 173
234 1 152
234 1 84
234 1 27
234 1 118
234 1 14
234 1 213
234 1 119
234 1 33
234 1 48
234 1 160
234 1 226
234 1 59
234 1 60
234 1 234
234 1 71
234 1 188
234 1 161
234 1 5
234 1 9
234 1 162
234 1 1
234 1 3
234 1 81
234 1 221
234 1 156
234 1 104
234 1 174
234 1 151
234 1 250
234 1 58
234 1 151
234 1 178
234 1 168
234 1 36
234 1 9
234 1 54
234 1 63
234 1 200
234 1 136
234 1 248
234 1 153
234 1 217
235 1 251
235 1 30
235 1 24
235 1 218
235 1 238
235 1 39
236 1 154
236 1 37
236 1 54
236 1 230
236 1 76
236 1 23
236 1 161
236 1 177
236 1 114
236 1 31
236 1 99
237 1 230
237 1 197
237 1 90
237 1 142
237 1 131
238 1 97
238 1 209
238 1 235
238 1 181
238 1 18
238 1 110
238 1 229
238 1 86
238 1 33
238 1 165
238 1 115
238 1 147
238 1 88
238 1 244
238 1 16
238 1 187
238 1 193
238 1 144
238 1 163
238 1 21
238 1 190
238 1 41
238 1 87
238 1 247
238 1 243
238 1 197
238 1 35
238 1 231
238 1 229
238 1 220
238 1 33
238 1 246
238 1 247
238 1 189
238 1 112
238 1 147
238 1 237
238 1 220
238 1 236
238 1 156
238 1 218
238 1 230
238 1 132
238 1 99
238 1 222
238 1 5
238 1 59
238 1 167
238 1 241
238 1 126
238 1 251
238 1 118
238 1 148
238 1 87
238 1 14
238 1 65
238 1 90
238 1 243
238 1 235
238 1 17
238 1 57
238 1 175
238 1 132
238 1 8
238 1 75
238 1 184
238 1 93
238 1 3
238 1 90
238 1 97
238 1 192
238 1 19
238 1 88
238 1 133
239 1 217
239 1 191
239 1 232
239 1 83
239 1 83
239 1 3
239 1 75
239 1 7
239 1 78
239 1 84
239 1 53
239 1 75
239 1 228
239 1 161
239 1 63
239 1 53
239 1 84
239 1 52
239 1 178
239 1 191
239 1 253
239 1 247
239 1 151
239 1 231
239 1 96
239 1 225
240 1 142
240 1 222
240 1 143
240 1 23
240 1 43
240 1 234
240 1 146
240 1 58
240 1 176
240 1 128
240 1 228
240 1 237
240 1 92
240 1 95
240 1 87
240 1 67
241 1 62
241 1 80
241 1 101
241 1 164
241 1 36
241 1 30
241 1 14
241 1 119
241 1 254
241 1 224
241 1 248
241 1 19
241 1 35
241 1 238
241 1 216
241 1 196
241 1 25
241 1 54
241 1 84
241 1 153
241 1 146
241 1 92
241 1 107
241 1 110
241 1 90
241 1 30
241 1 25
241 1 170
241 1 137
241 1 136
241 1 239
241 1 178
241 1 239
241 1 179
241 1 73
242 1 246
242 1 109
242 1 137
242 1 200
242 1 56
242 1 204
242 1 168
242 1 10
242 1 187
242 1 144
242 1 211
242 1 39
242 1 168
242 1 45
242 1 69
242 1 162
242 1 108
242 1 222
242 1 178
242 1 107
242 1 182
242 1 151
242 1 113
242 1 233
242 1 44
242 1 82
242 1 8
242 1 71
242 1 52
242 1 121
243 1 245
243 1 119
243 1 7
243 1 73
243 1 104
243 1 216
243 1 85
243 1 251
243 1 184
243 1 90
243 1 28
243 1 49
243 1 29
243 1 229
243 1 136
243 1 14
243 1 226
243 1 4
243 1 249
243 1 1
243 1 237
243 1 190
243 1 163
243 1 148
243 1 215
243 1 221
243 1 154
243 1 230
243 1 23
243 1 81
243 1 31
243 1 166
243 1 68
243 1 209
243 1 89
243 1 14
243 1 186
243 1 86
243 1 87
243 1 93
243 1 234
243 1 242
244 1 27
244 1 248
244 1 181
244 1 163
244 1 142
244 1 36
244 1 121
244 1 87
244 1 181
244 1 213
244 1 35
244 1 28
244 1 129
244 1 162
244 1 102
244 1 14
244 1 70
244 1 135
244 1 202
244 1 229
244 1 226
244 1 112
244 1 195
244 1 71
244 1 209
244 1 132
244 1 26
244 1 250
244 1 2
244 1 106
244 1 246
244 1 125
244 1 247
244 1 113
244 1 254
244 1 151
244 1 62
244 1 35
244 1 164
244 1 181
244 1 248
244 1 143
244 1 85
244 1 77
244 1 142
244 1 33
244 1 49
244 1 191
244 1 153
244 1 60
244 1 192
244 1 30
244 1 168
244 1 236
244 1 36
244 1 186
244 1 171
244 1 164
244 1 107
244 1 97
244 1 202
244 1 133
244 1 254
244 1 234
244 1 36
244 1 79
244 1 175
244 1 199
244 1 41
244 1 225
244 1 90
244 1 106
244 1 167
244 1 227
244 1 146
244 1 71
244 1 82
244 1 46
244 1 189
244 1 43
244 1 119
244 1 91
244 1 194
244 1 117
244 1 187
244 1 27
244 1 8
244 1 30
244 1 122
244 1 66
244 1 34
244 1 38
244 1 177
244 1 47
244 1 0
244 0 -1
245 0 -1
246 0 -1
247 0 -1
248 0 -1
249 0 -1
250 0 -1
251 0 -1
252 0 -1
253 0 -1
254 0 -1
255 0 -1
