20
285
758
947
1273
1389
1678
1807
2095
2423
2746
3048
3198
3390
3694
3857
4193
4595
4619
5062
5121
5577
5853
5966
6295
6311
6635
6727
6971
7397
7588
7800
8137
8379
8590
8862
9107
9419
9501
9729
10184
10286
10344
10738
10678
10764
11234
11506
11771
11917
12193
12378
12789
12925
13210
13393
13707
13875
14238
14513
14744
14850
15113
15546
15832
15668
15974
15892
16268
16191
16369
16420
16683
16675
16897
16922
17174
17332
17521
17664
17921
18237
18234
18458
18552
18890
18913
18988
19316
19636
19783
19980
20140
20416
20581
20571
20872
21033
21311
21477
21412
21655
21937
22268
22122
22150
22141
22378
22720
22887
22965
22972
23016
23240
23096
23517
23626
23975
23855
24097
24496
24692
25078
25113
25414
25710
25948
26348
26398
26806
27069
27350
27621
27565
27455
27704
28066
28284
28160
28234
28494
28634
28730
29060
28935
29174
29124
29273
29606
29860
29947
29717
29993
30294
30329
30463
30600
30869
30946
31091
31460
31676
31609
31664
31561
31939
32115
32480
32573
32677
32820
32983
33216
33267
33403
33283
33565
33615
33904
33969
34160
34258
34287
34112
34077
34519
34352
34594
34889
34845
34997
34911
34866
35100
35107
35156
35173
35563
35798
35717
35648
35997
36262
36145
36450
36707
37078
37029
37089
37343
37581
37384
37722
37786
37665
37852
37868
37649
37867
37875
37766
37738
37845
38005
38014
38397
38548
38605
38675
39012
39005
39034
39317
39292
39456
39886
40121
40010
40077
40200
40326
40440
40200
40469
40464
40619
40527
40668
40925
41148
41154
41409
41414
41346
41475
41672
41567
41485
41969
42082
42270
42495
42270
42494
42324
42329
42495
42443
42347
42459
42429
42351
42571
42996
43135
43185
43365
43473
43546
43932
44010
43824
44015
44174
44423
44588
44853
44967
45210
45251
45243
45221
45544
45698
45585
45685
45583
46030
45969
46144
46122
46333
46165
46130
46336
46583
46432
46703
46967
47328
47164
47250
47246
47207
47274
47580
47529
47382
47379
47761
47662
48032
48114
48010
48151
48132
48322
48276
48409
48503
48493
48530
48797
48876
48662
48690
48787
49073
48961
48937
49118
49296
49606
49409
49800
49665
49664
50053
50135
50420
50292
50213
50266
50291
50217
50294
50495
50519
50452
50583
50641
50551
50894
50882
50764
50906
50823
50763
51095
51231
51385
51346
51411
51298
51287
51369
51371
51267
51376
51336
51439
51360
51665
51734
51881
51865
51874
51794
51851
51812
51954
51827
51949
52215
52204
52419
52359
52374
52468
52420
52434
52303
52734
52939
52829
52866
53081
53118
53154
53275
53507
53725
53614
53827
53956
53790
54014
53824
53866
53914
53861
54159
54289
54275
54469
54441
54360
54471
54354
54312
54373
54722
54724
54561
54648
55027
54903
54949
54839
54868
54977
54817
55207
55370
55771
55663
55682
55787
55705
55722
55918
55924
55845
55836
55971
55875
55960
55884
55891
55960
55889
55927
55960
55996
55859
55815
55905
55995
56126
56305
56219
56214
56265
56218
56199
56365
56367
56391
56403
56598
56615
56684
56987
57024
57016
56970
56856
57208
57566
57388
57386
57571
57518
57576
57598
57578
57523
57547
57438
57589
57624
57820
57766
57844
57783
57721
58024
57944
58175
58526
58381
58388
58566
58547
58612
58407
58696
58876
58833
58730
58760
58787
58767
58767
58627
58628
59057
59064
58929
58958
58903
58919
59104
58893
58923
58903
59017
58977
58881
59098
58920
58903
59021
59174
59156
59270
59308
59185
59370
59288
59360
59281
59221
59293
59638
59402
59465
59414
59504
59706
59772
59724
59858
59679
59664
59712
59878
59732
59659
59816
59735
59865
59831
59727
59698
59724
59702
59653
59715
59734
59718
60135
60092
59978
59923
59931
60138
60066
60092
60111
60057
60058
60115
59930
59917
60034
60135
59943
60092
59996
60065
59992
59924
59995
60115
60149
59993
59961
60132
60077
60060
59918
59969
59963
59906
59910
60140
60081
60011
60112
60106
60136
59940
60045
60008
60014
59929
60002
60058
59978
60141
60142
59922
59954
59938
59938
60136
60146
60114
59970
60016
60059
59932
60134
60071
59920
59946
60031
60084
59917
59973
60047
60153
60098
60058
60102
60146
59933
60083
60106
60023
60400
60247
60299
60236
60335
60360
60535
60499
60555
60511
60497
60629
60621
60606
60560
60629
60522
60736
60906
60716
60788
60781
61098
61139
60941
60946
61028
60976
61148
61085
61015
60949
61175
61095
60966
60984
60930
61055
61180
61127
61056
60969
61144
61114
61026
60977
61172
61028
60990
61092
60964
61009
60998
61018
60946
61136
61027
60969
61032
61046
60936
60985
61124
61050
61118
61082
61143
61049
60954
61136
61059
61114
60976
60993
61122
61060
61152
61171
60999
61137
61132
61118
61165
61092
61060
61021
60973
60992
61168
61182
60963
60984
61023
60964
61056
60997
61187
61235
61325
61248
61351
61229
61403
61391
61371
61201
61286
61273
61299
61286
61207
61227
61194
61371
61199
61301
61259
61437
61225
61236
61201
61225
61612
61588
61642
61648
61502
61660
61640
61688
61631
61455
61462
61641
61607
61505
61475
61663
61814
61742
61744
61936
61791
61878
61947
61767
61851
61739
61787
61778
61773
61801
61943
61881
61776
61914
61723
61723
61831
61840
61744
61737
61728
61830
61848
61813
61737
61770
61809
61761
61943
61904
61782
61967
62107
62109
61982
62021
61970
62097
62101
62043
62031
62002
62022
61995
61957
61972
62161
62187
62029
62156
62056
62202
62030
61996
61988
62072
61978
62096
62160
62104
61994
62446
62355
62329
62424
62357
62403
62347
62365
62238
62340
62302
62369
62306
62399
62308
62426
62360
62423
62411
62333
62270
62337
62418
62345
62267
62323
62314
62331
62349
62392
62349
62345
62243
62274
62257
62406
62350
62328
62363
62267
62272
62422
62524
62660
62516
62678
62636
62571
62602
62537
62591
62607
62718
62553
62590
62557
62566
62475
62476
62564
62713
62474
62598
62640
62464
62639
62629
62668
62549
62562
62558
62711
62628
62692
62669
62621
62520
62561
62633
62545
62570
62516
62626
62492
62651
62585
62576
62557
62632
62523
62502
62682
62517
62515
62502
62546
62485
62554
62661
62488
62532
62631
62685
62486
62595
62515
62525
62660
62524
62512
62551
62615
62619
62555
62528
62571
62694
62714
62710
62671
62474
62492
62557
62621
62647
62544
62657
62509
62717
62520
62492
62639
62700
62665
62715
62539
62464
