0 17
1 -1
2 -1
3 -1
4 -1
5 -1
6 -1
7 -1
8 12
9 -1
10 -1
11 -1
12 -1
13 0
14 -1
15 -1
16 -1
17 -1
18 -1
19 -1
20 -1
21 -1
22 -1
23 -1
24 -1
25 -1
26 -1
27 19
28 -1
29 -1
30 28
31 -1
32 -1
33 -1
34 25
35 -1
36 29
37 -1
38 6
39 -1
40 -1
41 16
42 -1
43 14
44 -1
45 -1
46 8
47 11
48 -1
49 -1
50 -1
51 -1
52 -1
53 -1
54 -1
55 0
56 -1
57 -1
58 -1
59 -1
60 -1
61 -1
62 -1
63 -1
64 -1
65 -1
66 9
67 -1
68 -1
69 -1
70 -1
71 22
72 -1
73 -1
74 0
75 -1
76 -1
77 -1
78 -1
79 18
80 -1
81 -1
82 24
83 -1
84 -1
85 -1
86 -1
87 -1
88 -1
89 -1
90 13
91 10
92 -1
93 -1
94 -1
95 -1
96 -1
97 -1
98 0
99 -1
100 0
101 -1
102 -1
103 -1
104 -1
105 -1
106 21
107 -1
108 -1
109 -1
110 -1
111 -1
112 -1
113 -1
114 -1
115 -1
116 -1
117 4
118 -1
119 2
120 0
121 -1
122 5
123 -1
124 0
125 -1
126 -1
127 -1
128 -1
129 -1
130 -1
131 -1
132 -1
133 -1
134 0
135 -1
136 -1
137 -1
138 -1
139 -1
140 0
141 -1
142 -1
143 -1
144 -1
145 0
146 26
147 -1
148 -1
149 -1
150 0
151 -1
152 -1
153 -1
154 -1
155 -1
156 -1
157 0
158 -1
159 -1
160 -1
161 -1
162 -1
163 -1
164 -1
165 -1
166 -1
167 31
168 -1
169 -1
170 -1
171 -1
172 -1
173 -1
174 -1
175 15
176 -1
177 3
178 -1
179 -1
180 -1
181 -1
182 -1
183 -1
184 -1
185 -1
186 -1
187 1
188 -1
189 20
190 -1
191 -1
192 -1
193 -1
194 23
195 -1
196 -1
197 -1
198 -1
199 27
200 -1
201 -1
202 -1
203 -1
204 -1
205 -1
206 -1
207 -1
208 -1
209 -1
210 -1
211 -1
212 -1
213 -1
214 -1
215 -1
216 -1
217 -1
218 -1
219 -1
220 -1
221 -1
222 -1
223 -1
224 -1
225 30
226 -1
227 0
228 -1
229 -1
230 -1
231 -1
232 -1
233 -1
234 7
235 -1
236 -1
237 -1
238 -1
239 -1
240 -1
241 -1
242 -1
243 -1
244 -1
245 -1
246 -1
247 -1
248 -1
249 -1
250 -1
251 -1
252 -1
253 -1
254 -1
255 -1
